companyName	date	datetime	id_posiblegpa	id_inidia	id_ultdia	id_efectividad	cnt_diassubio	high	low	open	close	volume	SMA20	SMA40	SMA100	SMA200
AAPL	2022-03-15	2022-03-15 09:30:00	1	1.0	0.0	1	4	152.27000427246094	150.38999938964844	150.89999389648438	152.0200958251953	20824198	154.6920608520508	157.39234504699706	161.13002395629883	166.45434295654297
AAPL	2022-03-15	2022-03-15 10:30:00	1	1.0	0.0	1	4	153.41000366210938	151.9199981689453	152.02499389648438	153.38999938964844	11268331	154.50106048583984	157.2005973815918	161.02062393188476	166.3558309173584
AAPL	2022-03-15	2022-03-15 11:30:00	1	1.0	0.0	1	4	154.6699981689453	153.02999877929688	153.3800048828125	154.52999877929688	11216950	154.38606033325195	157.0375949859619	160.92702392578124	166.25784492492676
AAPL	2022-03-15	2022-03-15 12:30:00	1	1.0	0.0	1	4	154.65899658203125	153.25	154.5399932861328	153.25	6951192	154.137060546875	156.85984497070314	160.8301739501953	166.151044921875
AAPL	2022-03-15	2022-03-15 13:30:00	1	1.0	0.0	1	4	153.8000030517578	152.8300018310547	153.25990295410156	153.22500610351562	7880526	153.89781112670897	156.70772018432618	160.719375	166.0420199584961
AAPL	2022-03-15	2022-03-15 14:30:00	1	1.0	0.0	1	4	155.19000244140625	153.01499938964844	153.2100067138672	154.90899658203125	10217936	153.7172607421875	156.66216506958008	160.6468649291992	165.94686492919922
AAPL	2022-03-15	2022-03-15 15:30:00	1	1.0	0.0	1	4	155.57000732421875	154.80999755859375	154.91000366210938	155.16000366210938	10323505	153.5922607421875	156.6276653289795	160.5841650390625	165.85023742675781
AAPL	2022-03-16	2022-03-16 09:30:00	1	0.0	0.0	1	4	158.02000427246094	155.52999877929688	157.0500030517578	157.80999755859375	22123880	153.68826065063476	156.55101776123047	160.55426498413087	165.76688789367677
AAPL	2022-03-16	2022-03-16 10:30:00	1	0.0	0.0	1	4	158.63999938964844	157.6999969482422	157.8300018310547	157.97909545898438	11447687	153.84083557128906	156.475745010376	160.5333558654785	165.68213340759277
AAPL	2022-03-16	2022-03-16 11:30:00	1	0.0	0.0	1	4	158.3000030517578	157.63499450683594	157.97999572753906	158.0399932861328	6976232	153.9178352355957	156.44795722961425	160.5552557373047	165.59623336791992
AAPL	2022-03-16	2022-03-16 12:30:00	1	0.0	0.0	1	4	158.1300048828125	156.52999877929688	158.05459594726562	156.7899932861328	7509613	153.93033981323242	156.4064571380615	160.54285568237304	165.50103332519532
AAPL	2022-03-16	2022-03-16 13:30:00	1	0.0	0.0	1	4	157.47999572753906	155.13290405273438	156.78160095214844	155.22000122070312	11779889	153.9370895385742	156.35470733642578	160.52245574951172	165.39798332214355
AAPL	2022-03-16	2022-03-16 14:30:00	1	0.0	0.0	1	4	158.52000427246094	154.4600067138672	155.2100067138672	158.3260040283203	16958955	154.11688995361328	156.27960739135742	160.52660079956055	165.31473831176757
AAPL	2022-03-16	2022-03-16 15:30:00	1	0.0	0.0	1	4	160.0	157.77999877929688	158.3300018310547	159.65499877929688	11049692	154.4336395263672	156.24323234558105	160.52805084228515	165.23736282348634
AAPL	2022-03-17	2022-03-17 09:30:00	1	0.0	0.0	1	4	159.9199981689453	157.75	158.61000061035156	158.71009826660156	16027031	154.71514434814452	156.1607349395752	160.511651763916	165.15251335144043
AAPL	2022-03-17	2022-03-17 10:30:00	1	0.0	0.0	1	4	158.85000610351562	157.6300048828125	158.7100067138672	158.5	8741669	155.04214401245116	156.06623725891114	160.46895172119142	165.07023834228517
AAPL	2022-03-17	2022-03-17 11:30:00	1	0.0	0.0	1	4	159.3000030517578	157.92999267578125	158.49000549316406	159.1378936767578	7458553	155.45902404785156	155.9861846923828	160.43883071899415	164.9928778076172
AAPL	2022-03-17	2022-03-17 12:30:00	1	0.0	0.0	1	4	159.9149932861328	158.52000427246094	159.1300048828125	159.91000366210938	7278980	155.92060928344728	155.90405960083007	160.39763076782228	164.92742782592774
AAPL	2022-03-17	2022-03-17 13:30:00	1	0.0	0.0	1	4	160.25	159.26499938964844	159.9199981689453	159.33990478515625	7701975	156.3271041870117	155.8130573272705	160.34802978515626	164.8662523651123
AAPL	2022-03-17	2022-03-17 14:30:00	1	0.0	0.0	1	4	160.06500244140625	159.32569885253906	159.33999633789062	159.77499389648438	7199729	156.78385391235352	155.85443229675292	160.30092971801758	164.80737731933593
AAPL	2022-03-17	2022-03-17 15:30:00	1	0.0	0.0	1	4	161.0	159.6999969482422	159.75999450683594	160.9199981689453	9512220	157.228849029541	155.9604549407959	160.26232971191405	164.7521022796631
AAPL	2022-03-18	2022-03-18 09:30:00	1	0.0	0.0	1	4	161.9199981689453	159.9199981689453	160.50999450683594	161.39500427246094	31435630	157.62909927368165	156.06507987976073	160.2295297241211	164.693991317749
AAPL	2022-03-18	2022-03-18 10:30:00	1	0.0	0.0	1	4	162.19000244140625	160.82000732421875	161.38999938964844	161.7899932861328	10494244	157.99209899902343	156.1890796661377	160.19872970581054	164.63868125915528
AAPL	2022-03-18	2022-03-18 11:30:00	1	0.0	0.0	1	4	162.61000061035156	161.77999877929688	161.77999877929688	162.5800018310547	9003024	158.45859909057617	156.29782981872557	160.18672973632812	164.58390625
AAPL	2022-03-18	2022-03-18 12:30:00	1	0.0	0.0	1	4	162.89999389648438	162.36000061035156	162.5850067138672	162.6300048828125	9421564	158.92884902954103	156.413330078125	160.1622297668457	164.53545623779297
AAPL	2022-03-18	2022-03-18 13:30:00	1	0.0	0.0	1	4	163.05499267578125	162.2449951171875	162.6199951171875	162.9600067138672	7858878	159.3313995361328	156.52433013916016	160.1488298034668	164.48385627746583
AAPL	2022-03-18	2022-03-18 14:30:00	1	0.0	0.0	1	4	164.35000610351562	162.8300018310547	162.9600067138672	164.125	11587346	159.77964935302734	156.68595504760742	160.1493797302246	164.4413813018799
AAPL	2022-03-18	2022-03-18 15:30:00	1	0.0	0.0	1	4	164.47999572753906	163.4499969482422	164.1300048828125	163.9403076171875	13660471	160.08616485595704	156.8872127532959	160.16048278808594	164.40188285827637
AAPL	2022-04-28	2022-04-28 09:30:00	2	1.0	0.0	0	2	161.3238067626953	158.92999267578125	159.25	159.52499389648438	29712866	158.8759506225586	162.4222728729248	165.87934524536132	169.1069847869873
AAPL	2022-04-28	2022-04-28 10:30:00	2	1.0	0.0	0	2	162.50999450683594	159.1300048828125	159.52000427246094	161.4149932861328	15373533	158.9612953186035	162.2717727661133	165.7774951171875	169.1173602294922
AAPL	2022-04-28	2022-04-28 11:30:00	2	1.0	0.0	0	2	162.33999633789062	160.07000732421875	161.41990661621094	162.2801055908203	11878260	159.06930084228514	162.15052528381347	165.67949615478517	169.12988578796387
AAPL	2022-04-28	2022-04-28 12:30:00	2	1.0	0.0	0	2	163.69000244140625	162.1300048828125	162.2899932861328	163.4600067138672	11496526	159.19175643920897	162.0514003753662	165.60549621582032	169.1425858306885
AAPL	2022-04-28	2022-04-28 13:30:00	2	1.0	0.0	0	2	163.99000549316406	162.94000244140625	163.47500610351562	163.0930938720703	10624158	159.23591079711915	161.9479778289795	165.52742721557618	169.15107627868653
AAPL	2022-04-28	2022-04-28 14:30:00	2	1.0	0.0	0	2	164.51499938964844	162.8800048828125	163.10000610351562	163.9199981689453	12389175	159.28941040039064	161.77860260009766	165.45472717285156	169.16172630310058
AAPL	2022-04-28	2022-04-28 15:30:00	2	1.0	0.0	0	2	164.1199951171875	162.5500030517578	163.92999267578125	164.05499267578125	13223821	159.51315994262694	161.60022735595703	165.37847717285158	169.16910125732423
AAPL	2022-04-29	2022-04-29 09:30:00	2	0.0	1.0	0	2	166.1999969482422	160.7899932861328	161.83999633789062	163.1199951171875	37282362	159.7176597595215	161.43485221862792	165.28315505981445	169.17155120849608
AAPL	2022-06-17	2022-06-17 09:30:00	3	1.0	0.0	1	3	132.58999633789062	130.00999450683594	130.06500244140625	131.0399932861328	34321032	132.56454010009764	134.75622749328613	142.66276504516603	143.71796142578125
AAPL	2022-06-17	2022-06-17 10:30:00	3	1.0	0.0	1	3	132.53970336914062	129.80999755859375	131.0500030517578	132.50999450683594	13343305	132.57453994750978	134.4181022644043	142.55036499023439	143.59603637695312
AAPL	2022-06-17	2022-06-17 11:30:00	3	1.0	0.0	1	3	132.8300018310547	131.0800018310547	132.5146942138672	131.88999938964844	10486389	132.50604019165038	134.07697715759278	142.39015502929686	143.47308639526366
AAPL	2022-06-17	2022-06-17 12:30:00	3	1.0	0.0	1	3	133.07899475097656	131.66000366210938	131.89869689941406	132.4490966796875	8957568	132.4806701660156	133.79782943725587	142.23179595947266	143.34893188476562
AAPL	2022-06-17	2022-06-17 13:30:00	3	1.0	0.0	1	3	132.5399932861328	131.64999389648438	132.4499969482422	132.21499633789062	7762871	132.47198486328125	133.53820419311523	142.07234588623047	143.24395683288574
AAPL	2022-06-17	2022-06-17 14:30:00	3	1.0	0.0	1	3	132.44000244140625	131.0428009033203	132.2100067138672	131.97760009765625	11037477	132.4278648376465	133.40039405822753	141.9069218444824	143.14256134033204
AAPL	2022-06-17	2022-06-17 15:30:00	3	1.0	0.0	1	3	132.13999938964844	131.39999389648438	131.97000122070312	131.44000244140625	12045282	132.29204025268555	133.2513942718506	141.73647186279297	143.03338638305664
AAPL	2022-06-21	2022-06-21 09:30:00	3	0.0	0.0	1	3	136.8000030517578	133.32000732421875	133.4199981689453	136.34530639648438	25725582	132.40580520629882	133.2106517791748	141.60962493896486	142.94845291137696
AAPL	2022-06-21	2022-06-21 10:30:00	3	0.0	0.0	1	3	137.05999755859375	136.27999877929688	136.34500122070312	136.57339477539062	8972291	132.5014747619629	133.1727367401123	141.4788589477539	142.87036987304688
AAPL	2022-06-21	2022-06-21 11:30:00	3	0.0	0.0	1	3	136.72000122070312	135.6999969482422	136.5800018310547	136.0050048828125	7705748	132.59122467041016	133.12386169433594	141.3590089416504	142.7884948730469
AAPL	2022-06-21	2022-06-21 12:30:00	3	0.0	0.0	1	3	136.17999267578125	135.7100067138672	136.00999450683594	135.88999938964844	5083979	132.730224609375	133.04936180114746	141.23600997924805	142.7071949005127
AAPL	2022-06-21	2022-06-21 13:30:00	3	0.0	0.0	1	3	136.1168975830078	135.53500366210938	135.88999938964844	135.8800048828125	5079926	132.69477005004882	133.0183620452881	141.09781005859375	142.60959495544432
AAPL	2022-06-21	2022-06-21 14:30:00	3	0.0	0.0	1	3	136.41000366210938	135.47000122070312	135.88999938964844	136.08999633789062	7851441	132.72677001953124	133.09911193847657	140.96311004638673	142.5213949584961
AAPL	2022-06-21	2022-06-21 15:30:00	3	0.0	0.0	1	3	136.25	135.5850067138672	136.08999633789062	135.86000061035156	7467618	132.96176986694337	133.14198684692383	140.82031005859375	142.43194496154786
AAPL	2022-06-22	2022-06-22 09:30:00	3	0.0	0.0	1	3	137.50999450683594	133.92999267578125	134.7899932861328	137.27000427246094	19087365	133.27976989746094	133.21923713684083	140.69271011352538	142.34505950927735
AAPL	2022-06-22	2022-06-22 10:30:00	3	0.0	0.0	1	3	137.75999450683594	136.2100067138672	137.27830505371094	136.47720336914062	10479489	133.55313034057616	133.29841728210448	140.5699821472168	142.2497705078125
AAPL	2022-06-22	2022-06-22 11:30:00	3	0.0	0.0	1	3	136.9842987060547	135.13999938964844	136.47500610351562	135.6300048828125	7791665	133.7721305847168	133.35471000671387	140.4347102355957	142.15187049865722
AAPL	2022-06-22	2022-06-22 12:30:00	3	0.0	0.0	1	3	136.45689392089844	135.52000427246094	135.6300048828125	136.3699951171875	6213027	134.10638046264648	133.45633506774902	140.31161026000976	142.06107048034667
AAPL	2022-06-22	2022-06-22 13:30:00	3	0.0	0.0	1	3	136.97000122070312	135.91000366210938	136.3699951171875	136.49000549316406	6400982	134.42513046264648	133.57158508300782	140.19591033935546	141.97652000427246
AAPL	2022-06-22	2022-06-22 14:30:00	3	0.0	0.0	1	3	136.68060302734375	135.72000122070312	136.5	135.87640380859375	6584700	134.71395034790038	133.6702453613281	140.07135238647462	141.89160202026366
AAPL	2022-06-22	2022-06-22 15:30:00	3	0.0	0.0	1	3	135.9499969482422	134.97999572753906	135.8800048828125	135.30999755859375	6932129	134.92745056152344	133.74599533081056	139.92855239868163	141.81045204162598
AAPL	2022-10-03	2022-10-03 09:30:00	4	1.0	0.0	1	2	141.05999755859375	137.68499755859375	138.2100067138672	140.89999389648438	30857431	143.28271942138673	147.00418510437012	151.1075830078125	155.91844024658204
AAPL	2022-10-03	2022-10-03 10:30:00	4	1.0	0.0	1	2	141.5850067138672	140.77000427246094	140.91000366210938	140.82220458984375	14648705	142.9663299560547	146.7827075958252	150.88140502929687	155.7832007598877
AAPL	2022-10-03	2022-10-03 11:30:00	4	1.0	0.0	1	2	141.25999450683594	140.0800018310547	140.82229614257812	140.9199981689453	10113895	142.6168296813965	146.57520751953126	150.71240493774414	155.6491007232666
AAPL	2022-10-03	2022-10-03 12:30:00	4	1.0	0.0	1	2	142.17999267578125	140.81500244140625	140.91000366210938	142.0	11395010	142.32144470214843	146.38095741271974	150.5678059387207	155.52125068664552
AAPL	2022-10-03	2022-10-03 13:30:00	4	1.0	0.0	1	2	142.97000122070312	141.8800048828125	142.0	142.88499450683594	9769829	141.99469451904298	146.19033241271973	150.43412887573243	155.39563415527343
AAPL	2022-10-03	2022-10-03 14:30:00	4	1.0	0.0	1	2	143.07000732421875	142.4499969482422	142.8800048828125	142.90499877929688	14343788	141.65044479370118	145.92327499389648	150.29807891845704	155.274259185791
AAPL	2022-10-03	2022-10-03 15:30:00	4	1.0	0.0	1	2	143.02000427246094	142.22000122070312	142.89999389648438	142.52000427246094	10865050	141.60494003295898	145.69340019226075	150.17272903442384	155.15044219970704
AAPL	2022-10-04	2022-10-04 09:30:00	4	0.0	0.0	1	2	146.10000610351562	144.5	145.02999877929688	145.72000122070312	22873405	141.7469398498535	145.5647201538086	150.0894290161133	155.03864219665527
AAPL	2022-10-04	2022-10-04 10:30:00	4	0.0	0.0	1	2	146.22000122070312	145.0399932861328	145.72000122070312	145.22999572753906	13686825	141.86518936157228	145.42672004699708	150.0032289123535	154.92544219970702
AAPL	2022-10-04	2022-10-04 11:30:00	4	0.0	0.0	1	2	145.7899932861328	144.9600067138672	145.22999572753906	145.47500610351562	8523497	142.02318954467773	145.29734535217284	149.90807891845702	154.81421722412108
AAPL	2022-10-04	2022-10-04 12:30:00	4	0.0	0.0	1	2	145.60000610351562	144.25999450683594	145.4709014892578	144.88999938964844	7221759	142.20218963623046	145.12772026062012	149.7976789855957	154.7026171875
AAPL	2022-10-04	2022-10-04 13:30:00	4	0.0	0.0	1	2	145.52999877929688	144.6300048828125	144.88009643554688	145.10789489746094	6514479	142.3832145690918	144.98366775512696	149.69555786132813	154.59230667114258
AAPL	2022-10-04	2022-10-04 14:30:00	4	0.0	0.0	1	2	146.08999633789062	145.0399932861328	145.10220336914062	145.72999572753906	8556836	142.54021453857422	144.80717010498046	149.60220779418944	154.48459266662599
AAPL	2022-10-04	2022-10-04 15:30:00	4	0.0	0.0	1	2	146.22000122070312	145.52000427246094	145.72999572753906	146.16000366210938	8956216	142.73721466064453	144.66917037963867	149.5207078552246	154.3773176574707
AAPL	2022-11-30	2022-11-30 09:30:00	5	1.0	0.0	0	1	142.3699951171875	140.5500030517578	141.39500427246094	141.5	14716115	144.53812103271486	146.99356079101562	146.75800399780275	146.600986328125
AAPL	2022-11-30	2022-11-30 10:30:00	5	1.0	0.0	0	1	141.91000366210938	140.99000549316406	141.50999450683594	141.7899932861328	7634251	144.0688705444336	146.7555606842041	146.76780395507814	146.58593429565428
AAPL	2022-11-30	2022-11-30 11:30:00	5	1.0	0.0	0	1	142.01499938964844	140.75	141.7899932861328	140.9199981689453	5848332	143.55787048339843	146.56981048583984	146.7806039428711	146.57298431396484
AAPL	2022-11-30	2022-11-30 12:30:00	5	1.0	0.0	0	1	141.72000122070312	140.67999267578125	140.91000366210938	141.55999755859375	5078997	143.21587524414062	146.4000602722168	146.81939498901366	146.56345932006835
AAPL	2022-11-30	2022-11-30 13:30:00	5	1.0	0.0	0	1	146.52999877929688	141.1300048828125	141.55499267578125	146.29429626464844	19177034	143.139315032959	146.36289253234864	146.88319290161132	146.58148078918458
AAPL	2022-11-30	2022-11-30 14:30:00	5	1.0	0.0	0	1	147.10000610351562	145.64500427246094	146.28759765625	147.0800018310547	12567179	143.08481521606444	146.32589263916014	146.9588929748535	146.5998458099365
AAPL	2022-11-30	2022-11-30 15:30:00	5	1.0	0.0	0	1	148.02999877929688	147.0500030517578	147.0749969482422	148.02999877929688	14139009	143.22981491088868	146.31839256286622	147.0674949645996	146.62304580688476
AAPL	2022-12-08	2022-12-08 09:30:00	6	1.0	0.0	0	2	143.36000061035156	141.10000610351562	142.36000061035156	143.14999389648438	13831865	143.36703567504884	145.20088310241698	146.70674850463868	146.11272972106934
AAPL	2022-12-08	2022-12-08 10:30:00	6	1.0	0.0	0	2	143.52000427246094	142.14999389648438	143.15499877929688	142.69500732421875	8313935	143.14228591918945	145.22925834655763	146.64593963623048	146.08635475158692
AAPL	2022-12-08	2022-12-08 11:30:00	6	1.0	0.0	0	2	143.0800018310547	142.0399932861328	142.69000244140625	142.11000061035156	5690285	142.9132858276367	145.1246509552002	146.57533966064454	146.0655047607422
AAPL	2022-12-08	2022-12-08 12:30:00	6	1.0	0.0	0	2	142.77000427246094	141.8800048828125	142.10000610351562	142.75999450683594	4334773	142.74628524780275	145.01665077209472	146.51663955688477	146.0523547363281
AAPL	2022-12-08	2022-12-08 13:30:00	6	1.0	0.0	0	2	143.27000427246094	141.5500030517578	142.76499938964844	142.01499938964844	8113963	142.55399017333986	144.86627578735352	146.44968948364257	146.0367797088623
AAPL	2022-12-08	2022-12-08 14:30:00	6	1.0	0.0	0	2	142.94000244140625	141.82000732421875	142.01499938964844	142.85009765625	6529086	142.36649475097656	144.76802825927734	146.39039047241212	146.02810516357422
AAPL	2022-12-08	2022-12-08 15:30:00	6	1.0	0.0	0	2	142.99989318847656	142.07000732421875	142.85499572753906	142.6699981689453	5720964	142.27249450683593	144.6390281677246	146.32967849731446	146.0159041595459
AAPL	2022-12-09	2022-12-09 09:30:00	6	0.0	1.0	0	2	142.5500030517578	140.89999389648438	142.33999633789062	142.41940307617188	13763092	142.15646438598634	144.51088829040526	146.26577255249023	146.00300117492677
AAPL	2022-12-09	2022-12-09 10:30:00	6	0.0	1.0	0	2	144.64999389648438	142.3800048828125	142.42990112304688	144.58200073242188	11598826	142.17006454467773	144.42746849060057	146.2143424987793	145.95291114807128
AAPL	2022-12-09	2022-12-09 11:30:00	6	0.0	1.0	0	2	145.57000732421875	144.2200927734375	144.5800018310547	144.8300018310547	9177286	142.2205894470215	144.3342185974121	146.1497425842285	145.89886116027833
AAPL	2022-12-09	2022-12-09 13:30:00	6	0.0	1.0	0	2	144.47000122070312	143.75	144.11659240722656	144.21499633789062	5222620	142.41683959960938	144.12584342956544	146.033642578125	145.77746109008788
AAPL	2023-01-06	2023-01-06 09:30:00	7	1.0	0.0	0	2	127.3499984741211	124.88999938964844	126.01000213623047	126.375	21496694	125.94725532531739	127.14334087371826	130.65259399414063	137.763060836792
AAPL	2023-01-06	2023-01-06 10:30:00	7	1.0	0.0	0	2	128.0399932861328	126.34010314941406	126.375	127.24500274658203	10581541	126.07650527954101	127.13854103088379	130.49284400939942	137.64246082305908
AAPL	2023-01-06	2023-01-06 11:30:00	7	1.0	0.0	0	2	128.47999572753906	127.01000213623047	127.25	128.32989501953125	8905736	126.26050491333008	127.17083339691162	130.3874419403076	137.52761028289794
AAPL	2023-01-06	2023-01-06 12:30:00	7	1.0	0.0	0	2	128.39999389648438	127.77999877929688	128.3217010498047	128.25	6641033	126.44450492858887	127.22233333587647	130.28745094299316	137.41788524627685
AAPL	2023-01-06	2023-01-06 13:30:00	7	1.0	0.0	0	2	129.5500030517578	128.24000549316406	128.24000549316406	129.3350067138672	8218980	126.68025512695313	127.3044584274292	130.20180107116698	137.31396030426026
AAPL	2023-01-06	2023-01-06 14:30:00	7	1.0	0.0	0	2	130.2899932861328	129.30499267578125	129.33999633789062	129.80999755859375	10559575	126.91825485229492	127.31495838165283	130.13025108337402	137.20782878875733
AAPL	2023-01-06	2023-01-06 15:30:00	7	1.0	0.0	0	2	130.0500030517578	129.33999633789062	129.81500244140625	129.52000427246094	9922349	127.09434013366699	127.30670833587646	130.06155113220214	137.09955379486084
AAPL	2023-01-09	2023-01-09 09:30:00	7	0.0	1.0	0	2	132.73500061035156	130.46499633789062	130.46499633789062	132.56500244140625	18383099	127.35359039306641	127.37087574005128	130.0159511566162	137.00667881011964
AAPL	2023-01-09	2023-01-09 10:30:00	7	0.0	1.0	0	2	133.41000366210938	132.46359252929688	132.5749969482422	133.0850067138672	10329185	127.60459060668946	127.46000080108642	129.9824011993408	136.93010433197023
AAPL	2023-10-27	2023-10-27 09:30:00	8	1.0	0.0	1	2	168.77000427246094	166.19000244140625	166.91000366210938	168.16000366210938	13125053	170.12231521606446	171.9378547668457	175.79409896850586	174.95769989013672
AAPL	2023-10-27	2023-10-27 10:30:00	8	1.0	0.0	1	2	168.9600067138672	167.38999938964844	168.16000366210938	168.73500061035156	6386633	169.9550651550293	171.719229888916	175.70654891967774	174.90657485961913
AAPL	2023-10-27	2023-10-27 11:30:00	8	1.0	0.0	1	2	168.81809997558594	167.52000427246094	168.75	167.75999450683594	3987468	169.7335647583008	171.49847984313965	175.61544891357423	174.85327934265138
AAPL	2023-10-27	2023-10-27 12:30:00	8	1.0	0.0	1	2	167.96310424804688	166.8300018310547	167.77000427246094	167.19000244140625	4730969	169.4550651550293	171.28472976684571	175.51709899902343	174.7993293762207
AAPL	2023-10-27	2023-10-27 13:30:00	8	1.0	0.0	1	2	167.97999572753906	166.92999267578125	167.17999267578125	167.69500732421875	6106335	169.1605651855469	171.09085502624512	175.41794906616212	174.74900444030763
AAPL	2023-10-27	2023-10-27 14:30:00	8	1.0	0.0	1	2	168.24000549316406	167.4499969482422	167.6999969482422	167.99000549316406	6000178	168.89056549072265	170.93460502624512	175.31834915161133	174.7010294342041
AAPL	2023-10-27	2023-10-27 15:30:00	8	1.0	0.0	1	2	168.33999633789062	167.49000549316406	167.99000549316406	168.28500366210938	6380136	168.6983154296875	170.81998252868652	175.2127992248535	174.65177947998046
AAPL	2023-10-30	2023-10-30 09:30:00	8	0.0	0.0	1	2	171.1699981689453	168.8699951171875	169.17999267578125	169.375	12638771	168.54481506347656	170.7153575897217	175.11754928588869	174.6057544708252
AAPL	2023-10-30	2023-10-30 10:30:00	8	0.0	0.0	1	2	170.1999969482422	169.2100067138672	169.37989807128906	169.6699981689453	6708135	168.4400650024414	170.60260772705078	175.02434921264648	174.55842948913573
AAPL	2023-10-30	2023-10-30 11:30:00	8	0.0	0.0	1	2	170.16000366210938	169.41000366210938	169.6699981689453	169.46609497070312	3707282	168.35611953735352	170.499760055542	174.92715911865236	174.51023498535156
AAPL	2023-10-30	2023-10-30 12:30:00	8	0.0	0.0	1	2	170.0500030517578	169.0500030517578	169.46499633789062	169.91990661621094	4478492	168.2811149597168	170.41325759887695	174.83155822753906	174.46438453674315
AAPL	2023-10-30	2023-10-30 13:30:00	8	0.0	0.0	1	2	170.49000549316406	169.8800048828125	169.9199981689453	170.36000061035156	4232265	168.2403648376465	170.35125770568848	174.73905715942382	174.42828453063964
AAPL	2023-10-30	2023-10-30 14:30:00	8	0.0	0.0	1	2	170.82000732421875	169.84019470214844	170.35000610351562	169.85499572753906	6108040	168.1786148071289	170.3078826904297	174.6531071472168	174.3926345062256
AAPL	2023-10-30	2023-10-30 15:30:00	8	0.0	0.0	1	2	170.47999572753906	169.84500122070312	169.85000610351562	170.24000549316406	5989283	168.25761489868165	170.24363288879394	174.57380722045897	174.35563453674317
META	2021-12-06	2021-12-06 09:30:00	1	1.0	0.0	1	4	316.4599914550781	306.3399963378906	308.1300048828125	315.7049865722656	5882134	310.04349517822266			
META	2021-12-06	2021-12-06 10:30:00	1	1.0	0.0	1	4	316.1899108886719	312.9200134277344	315.7550048828125	314.760009765625	2642400	309.78949584960935			
META	2021-12-06	2021-12-06 11:30:00	1	1.0	0.0	1	4	315.6600036621094	313.55999755859375	314.8399963378906	315.44000244140625	1673632	309.65599060058594			
META	2021-12-06	2021-12-06 12:30:00	1	1.0	0.0	1	4	317.489990234375	314.9700012207031	315.4800109863281	317.05999755859375	1874829	309.6639907836914			
META	2021-12-06	2021-12-06 13:30:00	1	1.0	0.0	1	4	317.7300109863281	316.2799987792969	317.07000732421875	317.1600036621094	1668572	309.9064910888672			
META	2021-12-06	2021-12-06 14:30:00	1	1.0	0.0	1	4	320.1000061035156	316.0199890136719	317.1300048828125	318.7300109863281	2777134	310.31449127197266			
META	2021-12-06	2021-12-06 15:30:00	1	1.0	0.0	1	4	318.7200012207031	317.5199890136719	318.69000244140625	317.8699951171875	2228847	310.69110107421875			
META	2021-12-07	2021-12-07 09:30:00	1	0.0	0.0	1	4	325.1700134277344	321.0	321.57000732421875	323.66290283203125	4402030	311.37424621582034			
META	2021-12-07	2021-12-07 10:30:00	1	0.0	0.0	1	4	326.5400085449219	323.6099853515625	323.7200012207031	324.9425048828125	2528118	312.0646713256836			
META	2021-12-07	2021-12-07 11:30:00	1	0.0	0.0	1	4	325.92999267578125	323.3399963378906	324.9372863769531	324.54998779296875	1993719	312.87291107177737			
META	2021-12-07	2021-12-07 12:30:00	1	0.0	0.0	1	4	324.6199951171875	323.54998779296875	324.5784912109375	323.9599914550781	1626636	313.5748809814453			
META	2021-12-07	2021-12-07 13:30:00	1	0.0	0.0	1	4	325.25	323.5199890136719	323.92999267578125	324.6199951171875	1356439	314.31688079833987	316.76575775146483		
META	2021-12-07	2021-12-07 14:30:00	1	0.0	0.0	1	4	324.69000244140625	322.1300048828125	324.6400146484375	322.2300109863281	1864493	314.9093811035156	316.4457580566406		
META	2021-12-07	2021-12-07 15:30:00	1	0.0	0.0	1	4	323.0	321.2799987792969	322.2300109863281	322.92999267578125	1884326	315.68988037109375	316.28825759887695		
META	2021-12-08	2021-12-08 09:30:00	1	0.0	0.0	1	4	331.2900085449219	323.07000732421875	325.0	331.2250061035156	5298661	316.97919006347655	316.3793830871582		
META	2021-12-08	2021-12-08 10:30:00	1	0.0	0.0	1	4	332.4100036621094	330.07000732421875	331.239990234375	332.3900146484375	3448061	318.45052032470704	316.5275085449219		
META	2021-12-08	2021-12-08 11:30:00	1	0.0	0.0	1	4	332.75	331.0	332.3599853515625	331.67999267578125	1905810	319.75202026367185	316.64600830078126		
META	2021-12-08	2021-12-08 12:30:00	1	0.0	0.0	1	4	331.9599914550781	330.2300109863281	331.6400146484375	330.794189453125	1052970	321.02597961425784	316.75586318969727		
META	2021-12-08	2021-12-08 13:30:00	1	0.0	0.0	1	4	331.7900085449219	329.8800048828125	330.8313903808594	331.04998779296875	1335310	322.3789794921875	316.9271125793457		
META	2021-12-08	2021-12-08 14:30:00	1	0.0	0.0	1	4	332.1000061035156	330.9200134277344	331.0400085449219	331.8599853515625	1541975	323.6309783935547	317.0648620605469		
META	2021-12-08	2021-12-08 15:30:00	1	0.0	0.0	1	4	331.989990234375	330.2099914550781	331.8500061035156	330.510009765625	1999939	324.37122955322263	317.20736236572264		
META	2021-12-09	2021-12-09 09:30:00	1	0.0	0.0	1	4	336.1300048828125	328.0	329.5400085449219	332.2749938964844	4563559	325.2469787597656	317.5182373046875		
META	2021-12-09	2021-12-09 10:30:00	1	0.0	0.0	1	4	334.8399963378906	330.2300109863281	332.2799987792969	334.7799987792969	2129112	326.21397857666017	317.934984588623		
META	2021-12-09	2021-12-09 11:30:00	1	0.0	0.0	1	4	335.69000244140625	332.3800048828125	334.760009765625	333.18499755859375	1676805	327.02022857666014	318.3421096801758		
META	2021-12-09	2021-12-09 12:30:00	1	0.0	0.0	1	4	333.8699951171875	332.2900085449219	333.2200012207031	332.59869384765625	1115900	327.7921630859375	318.84932708740234		
META	2021-12-09	2021-12-09 13:30:00	1	0.0	0.0	1	4	333.26971435546875	331.1000061035156	332.510009765625	332.1199951171875	1522842	328.46166229248047	319.38807678222656		
META	2021-12-09	2021-12-09 14:30:00	1	0.0	0.0	1	4	332.2799987792969	329.1300048828125	332.0799865722656	329.82000732421875	1758796	329.05916290283204	319.87513198852537		
META	2021-12-09	2021-12-09 15:30:00	1	0.0	0.0	1	4	331.3999938964844	329.6499938964844	329.82000732421875	329.82000732421875	1903816	329.3670181274414	320.37063217163086		
META	2022-06-23	2022-06-23 09:30:00	2	1.0	0.0	1	2	157.58999633789062	154.27999877929688	156.27000427246094	157.1999969482422	11435716	160.32604904174804	162.21232948303222	177.18805358886718	185.06692428588866
META	2022-06-23	2022-06-23 10:30:00	2	1.0	0.0	1	2	159.2899932861328	156.4499969482422	157.25999450683594	159.00999450683594	6291112	160.10154876708984	162.05082931518555	176.89205352783202	184.90612174987794
META	2022-06-23	2022-06-23 11:30:00	2	1.0	0.0	1	2	159.2270050048828	155.9199981689453	159.00999450683594	157.0749969482422	5009522	159.69354858398438	161.883154296875	176.5565284729004	184.74039672851563
META	2022-06-23	2022-06-23 12:30:00	2	1.0	0.0	1	2	157.22720336914062	155.27999877929688	157.10000610351562	155.72000122070312	3292003	159.250048828125	161.69340438842772	176.1681785583496	184.57524673461913
META	2022-06-23	2022-06-23 13:30:00	2	1.0	0.0	1	2	157.33779907226562	155.210693359375	155.7100067138672	157.02999877929688	3134603	158.9160484313965	161.52490425109863	175.77247848510743	184.39042175292968
META	2022-06-23	2022-06-23 14:30:00	2	1.0	0.0	1	2	158.52000427246094	156.80999755859375	157.0399932861328	158.5	3486446	158.65404815673827	161.36977920532226	175.37747848510742	184.2095217895508
META	2022-06-23	2022-06-23 15:30:00	2	1.0	0.0	1	2	159.75	158.49000549316406	158.5	158.7100067138672	5211511	158.30204849243165	161.20877952575682	174.9653955078125	184.0444718170166
META	2022-06-24	2022-06-24 09:30:00	2	0.0	0.0	1	2	169.52999877929688	161.3000030517578	161.72500610351562	168.7458953857422	14566767	158.5253433227539	161.2586769104004	174.67865447998048	183.93818229675293
META	2022-06-24	2022-06-24 10:30:00	2	0.0	0.0	1	2	169.19000244140625	166.5614013671875	168.77000427246094	167.54010009765625	6652715	158.8260986328125	161.2649295806885	174.3657554626465	183.83628776550293
META	2022-06-24	2022-06-24 11:30:00	2	0.0	0.0	1	2	168.80999755859375	167.4199981689453	167.5800018310547	168.19000244140625	3327397	159.32734909057618	161.29467964172363	174.1094514465332	183.72883781433106
META	2022-06-24	2022-06-24 12:30:00	2	0.0	0.0	1	2	168.75	167.6199951171875	168.1999969482422	167.860107421875	2414111	159.8388542175293	161.21143226623536	173.87605255126954	183.6119383239746
META	2022-06-24	2022-06-24 13:30:00	2	0.0	0.0	1	2	168.42999267578125	167.13999938964844	167.87049865722656	168.2899932861328	2934178	160.4027992248535	161.18493194580077	173.6405744934082	183.466611328125
META	2022-06-24	2022-06-24 14:30:00	2	0.0	0.0	1	2	168.6649932861328	167.74000549316406	168.2899932861328	168.29580688476562	3079207	160.9650894165039	161.3515769958496	173.40583251953126	183.31979034423827
META	2022-06-24	2022-06-24 15:30:00	2	0.0	0.0	1	2	170.25	167.5200958251953	168.3000030517578	170.19000244140625	5770441	161.47958984375	161.56910972595216	173.18943252563477	183.17424034118653
META	2022-07-15	2022-07-15 09:30:00	3	1.0	0.0	1	4	162.8800048828125	159.83999633789062	160.5399932861328	162.8300018310547	6312121	161.80237503051757	164.8277202606201	164.9926609802246	170.18506973266602
META	2022-07-15	2022-07-15 10:30:00	3	1.0	0.0	1	4	163.80999755859375	161.6999969482422	162.83999633789062	163.5	3114244	161.74237518310548	164.6269702911377	165.04056091308593	170.0029782104492
META	2022-07-15	2022-07-15 11:30:00	3	1.0	0.0	1	4	164.00999450683594	162.94000244140625	163.49000549316406	163.125	2338081	161.6670150756836	164.3962203979492	164.98435195922852	169.83150321960449
META	2022-07-15	2022-07-15 12:30:00	3	1.0	0.0	1	4	164.08999633789062	163.05349731445312	163.10000610351562	164.07000732421875	1539363	161.62151565551758	164.20022048950196	164.94965103149414	169.65770324707032
META	2022-07-15	2022-07-15 13:30:00	3	1.0	0.0	1	4	164.9499969482422	164.0	164.0601043701172	164.35000610351562	2009615	161.70362091064453	164.0047206878662	164.91125106811523	169.51035125732423
META	2022-07-15	2022-07-15 14:30:00	3	1.0	0.0	1	4	164.97999572753906	163.86000061035156	164.35000610351562	164.0399932861328	2384601	161.74212036132812	163.84750785827637	164.8730499267578	169.37455123901367
META	2022-07-15	2022-07-15 15:30:00	3	1.0	0.0	1	4	164.8000030517578	163.68060302734375	164.0500030517578	164.72000122070312	2557563	161.89012069702147	163.65884284973146	164.83735000610352	169.23896224975587
META	2022-07-18	2022-07-18 09:30:00	3	0.0	0.0	1	4	169.0	165.63999938964844	166.75	166.9803009033203	4853884	162.07463607788085	163.5748504638672	164.82419494628905	169.11501373291014
META	2022-07-18	2022-07-18 10:30:00	3	0.0	0.0	1	4	168.4499969482422	166.85000610351562	166.97999572753906	168.4199981689453	2115963	162.31263580322266	163.52110023498534	164.80649490356444	168.99796371459962
META	2022-07-18	2022-07-18 11:30:00	3	0.0	0.0	1	4	171.68499755859375	168.42999267578125	168.42999267578125	170.9091033935547	3865093	162.6388412475586	163.5164951324463	164.82948593139648	168.90093826293946
META	2022-07-18	2022-07-18 12:30:00	3	0.0	0.0	1	4	171.5800018310547	169.6300048828125	170.94000244140625	169.98500061035156	2529796	162.91934127807616	163.4943702697754	164.83125396728516	168.79696327209473
META	2022-07-18	2022-07-18 13:30:00	3	0.0	0.0	1	4	170.13999938964844	168.08999633789062	169.97999572753906	168.1999969482422	3569900	163.13834075927736	163.42737007141113	164.8283039855957	168.66803825378418
META	2022-07-18	2022-07-18 14:30:00	3	0.0	0.0	1	4	168.83999633789062	166.89999389648438	168.16000366210938	167.13999938964844	2548652	163.32334060668944	163.51742248535157	164.80335296630858	168.5476382446289
META	2022-07-18	2022-07-18 15:30:00	3	0.0	0.0	1	4	167.36000061035156	166.69000244140625	167.14999389648438	167.19000244140625	2072397	163.7768409729004	163.60567245483398	164.78065002441406	168.43961723327638
META	2022-07-19	2022-07-19 09:30:00	3	0.0	0.0	1	4	172.17999267578125	169.50999450683594	170.3699951171875	171.27679443359375	5424666	164.40268096923828	163.78884239196776	164.8004179382324	168.3491512298584
META	2022-07-19	2022-07-19 10:30:00	3	0.0	0.0	1	4	173.85000610351562	170.79010009765625	171.3000946044922	173.32009887695312	3563638	165.15818557739257	164.0020950317383	164.83861892700196	168.24835174560548
META	2022-07-19	2022-07-19 11:30:00	3	0.0	0.0	1	4	175.39999389648438	172.88429260253906	173.3300018310547	175.24009704589844	3364277	166.00481567382812	164.29659729003907	164.90371994018554	168.15355270385743
META	2022-07-19	2022-07-19 12:30:00	3	0.0	0.0	1	4	175.5800018310547	174.61000061035156	175.26499938964844	175.2899932861328	2624420	166.84081497192383	164.60584716796876	164.98851989746095	168.05880264282226
META	2022-07-19	2022-07-19 13:30:00	3	0.0	0.0	1	4	176.49000549316406	175.1699981689453	175.3000030517578	175.77000427246094	2546959	167.72081985473633	164.92784729003907	165.10181991577147	167.9657526397705
META	2022-07-19	2022-07-19 14:30:00	3	0.0	0.0	1	4	176.27000427246094	175.2100067138672	175.77000427246094	175.9600067138672	2666996	168.6158203125	165.24209747314453	165.22481994628907	167.87505264282225
META	2022-07-19	2022-07-19 15:30:00	3	0.0	0.0	1	4	176.25999450683594	175.41000366210938	175.94000244140625	175.6999969482422	2988934	169.2593200683594	165.53084754943848	165.35141998291016	167.7845026397705
META	2022-07-20	2022-07-20 09:30:00	3	0.0	0.0	1	4	179.5	176.6999969482422	177.48500061035156	179.3350067138672	5975419	170.05107040405272	165.8967227935791	165.5193650817871	167.71007766723633
META	2022-07-20	2022-07-20 10:30:00	3	0.0	0.0	1	4	181.11000061035156	178.99000549316406	179.31640625	180.86000061035156	3093315	170.9378204345703	166.30241775512695	165.72121505737306	167.6407276916504
META	2022-07-20	2022-07-20 11:30:00	3	0.0	0.0	1	4	182.8800048828125	180.35000610351562	180.8800048828125	182.03500366210938	3345655	171.83607025146483	166.72879295349122	165.8948651123047	167.5776351928711
META	2022-07-20	2022-07-20 12:30:00	3	0.0	0.0	1	4	182.35000610351562	179.5	182.014892578125	180.9199981689453	2763013	172.66456985473633	167.18409538269043	166.07336502075196	167.5039852142334
META	2022-07-20	2022-07-20 13:30:00	3	0.0	0.0	1	4	182.5500030517578	180.36000061035156	180.9199981689453	182.28500366210938	2431277	173.57682037353516	167.65947036743165	166.27191513061524	167.41671020507812
META	2022-07-20	2022-07-20 14:30:00	3	0.0	0.0	1	4	183.44000244140625	181.92999267578125	182.264404296875	183.3896942138672	2570030	174.51030502319335	168.20021286010743	166.47981201171876	167.32553367614747
META	2022-07-20	2022-07-20 15:30:00	3	0.0	0.0	1	4	183.60000610351562	182.7949981689453	183.39999389648438	183.08999633789062	2719007	175.31578979492187	168.69521293640136	166.67695602416993	167.24318367004395
META	2022-09-28	2022-09-28 09:30:00	4	1.0	0.0	0	1	137.3300018310547	134.27000427246094	134.6199951171875	137.2301025390625	8098457	137.5456558227539	140.73464584350586	149.61684616088868	156.70376205444336
META	2022-09-28	2022-09-28 10:30:00	4	1.0	0.0	0	1	139.45970153808594	137.00999450683594	137.27999877929688	138.9635009765625	5462689	137.52070083618165	140.55573348999025	149.40278121948242	156.51282958984376
META	2022-09-28	2022-09-28 11:30:00	4	1.0	0.0	0	1	140.5800018310547	138.60000610351562	138.97999572753906	139.8300018310547	3716756	137.531201171875	140.3917335510254	149.20128128051758	156.33280456542968
META	2022-09-28	2022-09-28 12:30:00	4	1.0	0.0	0	1	140.72000122070312	139.4149932861328	139.82000732421875	140.39999389648438	2860232	137.55770111083984	140.23998336791993	148.9937742614746	156.16055450439453
META	2022-09-28	2022-09-28 13:30:00	4	1.0	0.0	0	1	141.22999572753906	140.17349243164062	140.3800048828125	141.125	3084314	137.63195114135743	140.11610832214356	148.81602432250978	155.99912948608397
META	2022-09-28	2022-09-28 14:30:00	4	1.0	0.0	0	1	141.7100067138672	140.63999938964844	141.13999938964844	141.36000061035156	2906332	137.67945098876953	140.0232334136963	148.61872329711915	155.82867950439453
META	2022-09-28	2022-09-28 15:30:00	4	1.0	0.0	0	1	142.02999877929688	141.33270263671875	141.35000610351562	141.58999633789062	3553928	137.71745071411132	139.94723320007324	148.42252319335938	155.66400398254393
META	2022-10-17	2022-10-17 09:30:00	5	1.0	0.0	0	1	132.38999938964844	130.17999267578125	130.3000030517578	131.64999389648438	6971458	128.35102882385254	129.9029821395874	134.81124809265137	143.25069522857666
META	2022-10-17	2022-10-17 10:30:00	5	1.0	0.0	0	1	132.2899932861328	130.82000732421875	131.66000366210938	132.27000427246094	3265919	128.61377906799316	129.86673221588134	134.77044807434083	143.11883472442628
META	2022-10-17	2022-10-17 11:30:00	5	1.0	0.0	0	1	134.07000732421875	132.19000244140625	132.25999450683594	133.86000061035156	3597978	128.94327926635742	129.8872323989868	134.73204811096193	142.99408473968506
META	2022-10-17	2022-10-17 12:30:00	5	1.0	0.0	0	1	134.36990356445312	133.4199981689453	133.86000061035156	134.1199951171875	2364614	129.26027908325196	129.91573238372803	134.70144813537598	142.87198474884033
META	2022-10-17	2022-10-17 13:30:00	5	1.0	0.0	0	1	134.7899932861328	133.92999267578125	134.1300048828125	134.30999755859375	2408367	129.59377899169922	129.93723239898682	134.6898101043701	142.75483470916748
META	2022-10-17	2022-10-17 14:30:00	5	1.0	0.0	0	1	134.52000427246094	133.5500030517578	134.30999755859375	134.1999969482422	2895087	129.92977867126464	129.92298221588135	134.683510055542	142.6329846572876
META	2022-10-17	2022-10-17 15:30:00	5	1.0	0.0	0	1	134.49000549316406	133.86000061035156	134.1999969482422	134.04100036621094	3344016	130.3853286743164	129.93800716400148	134.67772010803222	142.51233966827394
META	2022-12-29	2022-12-29 09:30:00	6	1.0	0.0	1	2	119.83000183105469	115.7699966430664	116.4000015258789	119.16000366210938	6151133	117.16154518127442	117.3144775390625	117.30009811401368	115.5901810836792
META	2022-12-29	2022-12-29 10:30:00	6	1.0	0.0	1	2	120.12999725341797	119.12000274658203	119.18000030517578	119.73999786376953	3390960	117.28154525756835	117.39522743225098	117.35809806823731	115.61913108825684
META	2022-12-29	2022-12-29 11:30:00	6	1.0	0.0	1	2	120.16999816894531	119.47309875488281	119.7300033569336	119.75	2097221	117.38854522705078	117.46922988891602	117.39777404785156	115.65163108825683
META	2022-12-29	2022-12-29 12:30:00	6	1.0	0.0	1	2	119.9800033569336	119.30390167236328	119.76000213623047	119.8416976928711	1752574	117.48288002014161	117.54502239227295	117.44029106140137	115.68486606597901
META	2022-12-29	2022-12-29 13:30:00	6	1.0	0.0	1	2	120.73999786376953	119.68499755859375	119.84500122070312	120.5199966430664	2238259	117.6141300201416	117.63102226257324	117.49259101867676	115.71958206176758
META	2022-12-29	2022-12-29 14:30:00	6	1.0	0.0	1	2	120.70500183105469	120.1500015258789	120.5199966430664	120.63500213623047	2341702	117.74288024902344	117.68664722442627	117.54404106140137	115.75611507415772
META	2022-12-29	2022-12-29 15:30:00	6	1.0	0.0	1	2	121.02999877929688	120.16000366210938	120.62999725341797	120.2699966430664	2550056	117.87260017395019	117.7081470489502	117.59104103088379	115.79221504211426
META	2022-12-30	2022-12-30 09:30:00	6	0.0	0.0	1	2	119.23999786376953	117.73999786376953	118.16000366210938	118.52999877929688	4472949	117.88260002136231	117.69064693450927	117.61944099426269	115.81881504058838
META	2022-12-30	2022-12-30 10:30:00	6	0.0	0.0	1	2	119.27999877929688	118.27999877929688	118.5250015258789	118.72000122070312	2380116	117.93910026550293	117.6723970413208	117.65324104309082	115.85734004974366
META	2022-12-30	2022-12-30 11:30:00	6	0.0	0.0	1	2	119.04000091552734	118.5	118.70999908447266	118.95149993896484	1773288	118.03017539978028	117.64568462371827	117.68965606689453	115.89454753875732
META	2022-12-30	2022-12-30 12:30:00	6	0.0	0.0	1	2	119.32499694824219	118.58000183105469	118.95999908447266	118.83499908447266	1678379	118.14804534912109	117.62718467712402	117.71125602722168	115.93017253875732
META	2022-12-30	2022-12-30 13:30:00	6	0.0	0.0	1	2	119.16999816894531	118.61000061035156	118.83999633789062	118.88500213623047	1469271	118.23479537963867	117.60480976104736	117.7300050354004	115.96746353149415
META	2022-12-30	2022-12-30 14:30:00	6	0.0	0.0	1	2	119.69000244140625	118.80999755859375	118.89800262451172	119.5	2079467	118.36529541015625	117.68205966949463	117.75710502624511	116.0085135269165
META	2022-12-30	2022-12-30 15:30:00	6	0.0	0.0	1	2	120.41999816894531	119.42369842529297	119.5	120.3499984741211	2815160	118.51854515075684	117.78285217285156	117.7935050201416	116.05606353759765
META	2023-10-27	2023-10-27 09:30:00	7	1.0	0.0	1	2	299.30999755859375	294.19000244140625	295.58648681640625	296.2799987792969	9588123	299.8684707641602	306.45973815917966	315.34081390380857	308.75895935058594
META	2023-10-27	2023-10-27 10:30:00	7	1.0	0.0	1	2	298.239990234375	293.760009765625	296.30999755859375	297.1700134277344	4068547	299.07447204589846	305.9564888000488	315.1582141113281	308.73290939331054
META	2023-10-27	2023-10-27 11:30:00	7	1.0	0.0	1	2	298.5	295.8699951171875	297.1199951171875	297.0199890136719	2712938	298.28797149658203	305.50198822021486	314.9376141357422	308.71025939941404
META	2023-10-27	2023-10-27 12:30:00	7	1.0	0.0	1	2	298.1600036621094	294.7300109863281	297.0299987792969	294.92999267578125	2698986	297.38097076416017	305.0429878234863	314.7190090942383	308.67215942382813
META	2023-10-27	2023-10-27 13:30:00	7	1.0	0.0	1	2	295.6698913574219	292.9700012207031	294.8800048828125	294.6600036621094	2776728	296.48622131347656	304.589737701416	314.49930908203123	308.63073440551756
META	2023-10-27	2023-10-27 14:30:00	7	1.0	0.0	1	2	297.0799865722656	294.1300964355469	294.6700134277344	296.9700012207031	3324656	295.7067169189453	304.2502380371094	314.29051818847654	308.6096339416504
META	2023-10-27	2023-10-27 15:30:00	7	1.0	0.0	1	2	297.8736877441406	294.9100036621094	296.9800109863281	296.739990234375	2897426	295.19546661376955	303.9766128540039	314.0626181030273	308.58712890625
META	2023-10-30	2023-10-30 09:30:00	7	0.0	0.0	1	2	309.3966979980469	299.04998779296875	301.04998779296875	303.6300048828125	9540772	295.0379669189453	303.83136291503905	313.90576812744143	308.5867788696289
META	2023-10-30	2023-10-30 10:30:00	7	0.0	0.0	1	2	304.7746887207031	301.8008117675781	303.5899963378906	303.8399963378906	4360425	294.978466796875	303.6466125488281	313.76026794433596	308.58127883911135
META	2023-10-30	2023-10-30 11:30:00	7	0.0	0.0	1	2	304.6199951171875	302.2699890136719	303.82000732421875	302.406005859375	2518142	294.96226654052737	303.4447624206543	313.5789279174805	308.57106979370116
META	2023-10-30	2023-10-30 12:30:00	7	0.0	0.0	1	2	304.2001953125	301.05999755859375	302.364990234375	303.8299865722656	2149673	295.15392150878904	303.30626220703124	313.3905276489258	308.5646697998047
META	2023-10-30	2023-10-30 13:30:00	7	0.0	0.0	1	2	305.0	302.82000732421875	303.8070068359375	302.96209716796875	2652594	295.2990264892578	303.16406478881834	313.19084869384767	308.54919586181643
META	2023-10-30	2023-10-30 14:30:00	7	0.0	0.0	1	2	304.8500061035156	302.2200012207031	302.9200134277344	303.7240905761719	2414330	295.5082305908203	302.9496673583984	313.01038970947263	308.54718536376953
META	2023-10-30	2023-10-30 15:30:00	7	0.0	0.0	1	2	304.5	302.1300048828125	303.75	302.739990234375	2298241	296.33761444091795	302.6641670227051	312.81733947753906	308.53543533325194
